Concurso	Bola1	Bola2	Bola3	Bola4	Bola5	Bola6	Bola7
1	3	5	8	9	19	21	30
2	8	11	12	14	20	21	28
3	11	12	21	24	25	28	29
4	6	7	13	15	18	19	29
5	2	8	9	17	19	24	28
6	1	11	18	19	26	30	31
7	2	5	6	14	20	24	25
8	1	4	13	21	22	24	27
9	3	10	13	18	19	23	24
10	6	10	13	18	19	20	30
11	7	13	16	19	20	27	31
12	2	3	7	12	17	21	22
13	1	4	7	9	20	21	26
14	1	8	16	20	21	26	31
15	8	11	13	16	26	28	29
16	1	2	7	12	16	20	25
17	9	11	13	14	19	20	22
18	4	7	8	14	21	27	31
19	3	4	9	12	14	28	29
20	6	12	17	21	26	29	31
21	2	8	10	11	12	18	31
22	2	4	5	12	18	22	27
23	9	10	17	19	25	27	28
24	7	8	12	15	16	18	30
25	1	10	13	17	21	25	29
26	2	8	10	11	16	20	28
27	6	12	15	17	20	23	28
28	2	9	12	15	18	20	24
29	3	5	13	21	22	24	27
30	4	8	9	17	20	27	30
31	4	6	7	9	11	24	28
32	3	4	7	16	18	20	27
33	3	10	12	13	23	28	31
34	6	12	15	18	23	27	29
35	3	7	11	12	17	22	23
36	2	7	11	12	13	16	27
37	2	7	12	16	18	22	23
38	8	15	17	18	26	29	30
39	4	5	6	9	13	25	30
40	2	10	12	14	19	21	27
41	7	12	23	25	27	30	31
42	6	11	14	16	17	29	31
43	4	7	17	18	27	28	31
44	7	9	15	23	26	30	31
45	2	5	7	12	15	29	30
46	1	4	5	8	10	16	30
47	5	7	13	15	16	20	22
48	6	8	10	17	23	29	31
49	4	11	16	17	20	23	31
50	14	16	17	18	22	23	31
51	2	8	10	14	16	24	28
52	7	12	14	20	22	24	26
53	3	7	16	18	19	25	30
54	4	11	18	21	24	25	27
55	1	8	16	18	22	25	28
56	9	10	15	16	17	23	31
57	3	5	10	12	18	26	28
58	11	12	13	24	25	29	30
59	3	4	5	8	10	24	25
60	1	6	7	8	17	18	22
61	5	8	10	13	19	25	28
62	7	11	13	18	23	28	30
63	2	3	6	9	27	28	29
64	5	6	8	17	18	20	27
65	7	20	21	27	28	30	31
66	4	6	10	11	12	17	24
67	1	4	8	14	19	22	26
68	1	4	6	14	20	21	27
69	1	3	5	6	8	26	29
70	2	4	5	9	11	28	29
71	4	6	7	8	24	27	31
72	1	2	6	8	9	18	21
73	8	9	10	11	14	18	23
74	6	12	15	17	20	23	29
75	2	3	6	14	28	30	31
76	10	15	16	21	25	26	29
77	6	7	11	12	14	19	21
78	4	6	8	13	14	19	23
79	1	8	10	12	15	21	28
80	2	3	4	10	18	19	28
81	6	10	12	25	26	27	29
82	2	9	10	13	16	17	22
83	2	9	10	13	15	21	26
84	7	10	15	16	18	19	24
85	3	7	21	22	23	26	31
86	3	6	8	9	11	19	26
87	7	9	10	15	18	21	22
88	3	4	17	18	19	23	27
89	3	6	16	18	19	24	31
90	1	5	6	8	12	23	26
91	8	10	15	16	23	28	29
92	5	7	8	9	15	26	29
93	1	8	9	16	21	23	30
94	7	10	13	15	19	23	26
95	5	7	8	18	20	23	28
96	3	4	9	15	17	28	29
97	1	10	12	22	23	25	28
98	1	3	7	12	26	27	28
99	4	14	20	27	28	29	30
100	3	4	8	15	16	20	21
101	4	5	9	13	19	20	29
102	4	7	10	19	22	26	28
103	4	5	19	23	25	26	31
104	3	13	20	25	26	27	30
105	3	7	8	12	21	24	29
106	5	8	17	20	25	26	28
107	4	7	13	15	18	20	23
108	2	6	15	17	22	24	25
109	3	18	20	23	24	26	28
110	4	8	10	11	14	18	26
111	1	6	8	14	17	21	26
112	11	13	18	21	24	25	26
113	6	9	10	12	17	27	30
114	7	8	9	23	26	29	31
115	7	8	13	16	18	21	22
116	2	5	12	16	18	24	30
117	5	7	9	16	18	20	27
118	2	5	7	9	15	22	30
119	2	3	6	12	24	25	28
120	2	8	16	21	22	27	28
121	3	9	10	12	14	19	24
122	12	13	14	15	16	23	31
123	6	11	16	18	19	21	23
124	12	15	20	21	22	24	27
125	1	8	12	13	17	26	30
126	9	11	14	18	24	27	29
127	1	5	7	9	17	21	22
128	2	7	8	15	19	20	22
129	6	12	13	15	16	28	29
130	5	8	10	20	23	25	28
131	4	5	11	22	26	27	30
132	3	11	14	18	19	23	26
133	1	4	8	10	20	22	31
134	1	2	8	10	14	16	18
135	2	5	6	11	25	27	28
136	17	19	20	21	23	27	30
137	3	5	6	8	16	19	28
138	9	13	15	17	21	27	29
139	3	4	11	13	18	19	22
140	5	8	9	12	14	17	22
141	2	7	9	15	23	25	30
142	6	11	18	21	23	29	30
143	5	10	11	15	22	29	31
144	2	4	7	8	13	15	27
145	2	3	6	10	11	13	15
146	1	8	9	17	18	19	23
147	2	3	6	8	9	22	27
148	7	9	11	18	21	22	29
149	3	16	20	21	25	26	30
150	1	2	7	16	17	26	29
151	3	11	13	17	22	29	31
152	1	3	5	10	14	25	31
153	2	13	21	23	25	29	30
154	3	5	9	14	21	29	30
155	3	13	15	16	25	27	28
156	1	3	7	15	16	29	31
157	2	10	17	18	20	25	29
158	7	14	20	23	27	28	29
159	1	10	14	17	23	28	31
160	4	8	9	12	13	25	30
161	2	3	5	14	15	20	25
162	6	10	11	14	20	24	25
163	7	10	16	18	24	25	27
164	7	10	12	13	17	21	22
165	4	5	7	8	11	19	24
166	6	7	11	19	22	23	25
167	10	11	12	13	15	20	26
168	1	3	4	20	23	25	26
169	9	11	14	18	24	26	29
170	1	9	10	11	15	20	21
171	3	7	11	18	20	23	29
172	3	6	10	21	25	27	30
173	2	7	11	13	25	27	28
174	3	5	6	7	17	19	25
175	4	6	7	17	21	26	31
176	3	4	6	9	10	18	29
177	3	11	17	18	24	25	28
178	2	3	4	9	12	23	24
179	3	4	5	11	21	24	30
180	5	13	20	21	23	25	30
181	6	8	10	15	17	26	28
182	2	3	7	15	22	26	31
183	5	7	16	17	21	24	27
184	6	9	10	14	16	17	22
185	7	11	18	21	24	28	29
186	6	15	17	22	23	26	27
187	1	3	6	15	17	23	26
188	8	12	21	23	24	26	28
189	2	7	13	16	18	20	29
190	3	4	5	6	14	16	27
191	3	4	11	24	26	28	29
192	4	11	14	15	18	28	31
193	12	13	16	25	28	30	31
194	3	4	7	9	15	21	23
195	2	3	5	14	15	22	23
196	4	13	14	22	26	29	30
197	1	2	4	11	17	18	28
198	1	2	9	10	16	23	28
199	2	15	20	21	22	23	24
200	10	12	13	17	21	23	27
201	2	7	9	13	14	16	29
202	5	6	7	11	21	26	29
203	2	3	7	10	15	17	20
204	2	11	20	21	27	28	31
205	5	6	9	17	19	20	23
206	13	16	21	23	24	27	28
207	1	5	8	10	12	25	28
208	2	4	17	21	28	29	31
209	5	7	14	17	19	23	29
210	7	10	18	19	20	23	27
211	1	5	13	24	26	27	29
212	5	11	14	17	18	26	30
213	6	9	10	18	21	24	26
214	2	9	11	13	21	28	29
215	4	7	11	13	15	18	25
216	5	8	9	14	25	28	30
217	2	6	16	17	18	20	26
218	2	3	11	12	17	18	21
219	3	6	10	16	17	25	28
220	2	4	9	17	19	25	31
221	3	6	7	9	15	27	31
222	3	12	13	16	18	19	27
223	3	4	10	11	14	19	28
224	1	6	8	14	17	19	23
225	1	7	12	14	22	24	26
226	1	4	8	12	22	24	28
227	2	11	12	15	17	20	25
228	4	10	14	18	21	22	23
229	9	13	15	21	25	27	30
230	5	8	12	18	24	27	29
231	4	10	12	13	14	24	26
232	4	5	6	12	15	16	26
233	3	6	7	16	22	23	28
234	4	5	13	17	23	24	29
235	13	17	18	19	22	27	29
236	4	5	6	9	11	19	23
237	3	6	14	18	19	29	31
238	1	2	10	19	24	26	28
239	5	13	15	23	27	29	30
240	1	4	8	13	19	22	25
241	3	5	6	12	20	23	31
242	2	3	5	9	16	19	25
243	2	4	8	13	14	17	22
244	1	6	12	13	15	16	29
245	1	5	7	14	21	30	31
246	9	10	14	16	18	19	24
247	2	9	10	12	17	25	28
248	2	5	14	16	17	18	22
249	3	8	12	20	21	27	29
250	1	5	10	14	15	29	30
251	5	11	14	18	20	27	31
252	4	9	12	19	25	28	31
253	4	12	14	19	23	28	29
254	18	20	21	22	25	27	31
255	3	11	23	24	25	28	30
256	1	5	12	16	27	30	31
257	5	12	17	19	21	24	28
258	1	2	3	9	13	24	30
259	6	9	10	13	21	26	29
260	5	8	10	12	18	24	31
261	5	8	9	18	23	26	31
262	4	5	17	18	20	27	28
263	9	18	19	21	23	27	30
264	13	15	22	23	25	30	31
265	2	3	14	16	17	20	27
266	1	3	10	14	17	30	31
267	1	2	6	9	13	20	30
268	2	3	14	16	17	21	29
269	1	4	6	9	26	27	31
270	1	2	3	4	24	27	28
271	7	15	17	20	21	24	29
272	3	5	6	10	12	16	21
273	3	11	12	19	20	26	28
274	2	3	4	6	8	10	30
275	7	10	12	14	24	27	28
276	4	5	15	16	18	27	30
277	2	3	10	13	21	22	31
278	5	8	13	21	22	24	26
279	3	7	10	13	24	25	28
280	2	3	10	13	17	24	28
281	5	7	9	14	24	26	31
282	7	8	16	22	23	25	31
283	2	8	17	20	21	22	24
284	1	3	4	5	18	22	25
285	10	15	17	18	21	22	23
286	4	5	19	23	28	29	30
287	10	14	15	16	18	24	30
288	7	11	16	21	23	28	30
289	2	4	14	17	19	21	30
290	5	12	13	18	21	23	29
291	2	3	5	7	10	17	20
292	1	4	5	19	22	23	24
293	3	7	13	20	25	27	28
294	4	5	10	12	14	19	24
295	1	4	5	9	10	22	30
296	4	6	13	18	21	22	27
297	10	13	14	15	20	23	29
298	3	4	8	9	16	24	31
299	3	14	15	17	20	21	22
300	10	15	16	17	24	25	31
301	11	18	22	27	28	29	30
302	1	4	7	10	15	25	31
303	5	13	15	16	18	25	30
304	1	2	16	23	24	25	30
305	4	8	9	10	20	25	28
306	3	11	12	13	20	24	30
307	4	8	14	15	16	24	27
308	10	11	16	20	21	23	28
309	2	5	10	11	12	18	19
310	6	7	9	10	13	14	21
311	1	3	9	16	17	21	22
312	2	9	15	22	24	29	30
313	9	12	16	19	24	28	29
314	1	7	9	11	22	25	26
315	9	10	19	22	26	27	28
316	1	10	13	14	16	22	30
317	5	7	8	14	15	22	28
318	6	11	14	16	18	28	30
319	3	10	14	17	28	29	30
320	4	9	12	13	15	26	27
321	7	13	21	22	26	29	31
322	4	9	12	19	20	26	28
323	1	9	24	25	27	29	30
324	3	6	14	18	24	27	30
325	7	8	19	20	21	24	26
326	1	10	15	16	22	24	29
327	4	9	13	15	21	23	25
328	11	14	17	20	23	25	27
329	2	6	9	17	18	19	22
330	7	10	11	17	23	24	29
331	7	8	23	26	29	30	31
332	6	8	9	14	15	18	25
333	5	10	13	16	18	20	22
334	3	5	12	14	19	24	28
335	1	3	5	10	13	14	26
336	4	8	11	13	23	26	28
337	1	6	7	20	21	27	30
338	3	8	10	11	14	23	24
339	1	5	9	10	23	24	25
340	4	7	16	17	20	27	28
341	1	5	8	10	11	13	27
342	2	7	8	11	12	20	30
343	1	7	11	25	26	29	31
344	1	2	17	23	24	25	31
345	5	7	8	13	22	26	30
346	14	15	17	21	24	25	31
347	6	8	19	20	22	23	29
348	2	10	18	19	24	26	27
349	2	10	17	25	26	28	29
350	7	16	20	23	24	25	26
351	4	8	9	11	18	19	26
352	5	11	12	15	18	22	26
353	9	16	20	22	24	28	30
354	6	8	20	21	24	28	29
355	4	12	13	16	19	22	31
356	1	2	10	15	22	23	28
357	3	4	6	11	23	24	26
358	3	4	5	15	25	27	29
359	6	9	14	20	21	22	25
360	10	11	13	19	25	27	30
361	1	4	5	12	14	22	27
362	3	7	10	19	29	30	31
363	2	11	12	13	14	18	30
364	3	6	7	12	15	23	28
365	6	11	14	15	17	19	21
366	17	19	23	25	26	29	31
367	6	15	17	22	23	26	29
368	12	20	21	22	24	26	28
369	10	15	16	17	19	21	30
370	4	6	11	15	19	21	22
371	3	11	12	16	24	29	31
372	2	4	19	20	23	26	27
373	5	10	21	25	26	29	31
374	3	8	9	20	21	23	27
375	4	8	9	13	20	23	30
376	7	9	10	13	20	22	25
377	1	11	12	13	17	29	31
378	11	13	18	21	23	25	27
379	3	7	14	21	24	26	27
380	5	15	17	22	26	28	31
381	14	15	16	17	22	24	29
382	10	13	17	20	22	26	28
383	2	9	11	16	22	24	30
384	2	3	6	9	10	15	26
385	4	6	7	14	15	22	31
386	5	10	11	20	22	29	31
387	2	6	15	18	21	22	23
388	2	4	7	9	15	22	26
389	5	16	23	25	27	28	29
390	1	12	17	25	26	28	29
391	5	7	10	11	13	17	23
392	3	4	10	18	22	24	28
393	6	13	19	21	23	27	28
394	1	2	5	8	15	24	25
395	8	14	16	21	25	30	31
396	1	2	14	17	23	25	26
397	7	8	9	10	12	14	30
398	2	3	7	10	20	30	31
399	2	7	15	19	20	23	24
400	6	12	17	19	21	23	31
401	3	4	6	7	10	24	31
402	1	3	5	7	20	22	29
403	4	9	11	25	26	29	30
404	1	2	9	14	16	25	29
405	4	5	7	11	13	18	30
406	1	10	11	15	19	20	22
407	4	5	12	13	16	25	26
408	10	14	17	20	25	27	29
409	10	14	16	24	28	30	31
410	6	12	14	16	18	27	31
411	3	4	8	11	19	26	27
412	4	9	10	12	13	19	21
413	3	6	9	12	16	21	22
414	2	11	17	20	28	30	31
415	4	8	10	14	20	27	29
416	3	8	11	13	23	24	30
417	3	8	11	17	19	21	26
418	7	9	20	23	25	27	31
419	2	3	10	13	17	24	31
420	1	5	9	10	14	16	25
421	6	9	11	14	19	22	25
422	6	7	19	24	27	28	31
423	5	7	9	13	18	21	30
424	1	6	11	13	23	25	31
425	16	18	19	21	26	29	31
426	1	4	14	17	23	24	27
427	2	5	9	10	11	13	24
428	4	6	7	15	17	20	21
429	8	15	17	19	23	27	31
430	2	17	19	20	24	28	31
431	14	20	23	24	26	27	31
432	5	9	12	15	24	27	28
433	1	6	7	19	25	27	31
434	7	12	14	22	24	30	31
435	7	8	14	21	23	26	30
436	4	23	24	25	26	27	31
437	1	14	22	26	27	28	31
438	3	7	10	18	19	22	28
439	1	6	14	19	23	27	28
440	2	8	13	14	17	21	24
441	1	9	14	19	28	29	30
442	5	12	15	18	24	26	30
443	1	6	8	10	11	21	31
444	2	5	6	10	22	26	31
445	1	16	18	21	24	26	30
446	3	5	6	11	16	21	27
447	4	7	9	18	20	26	29
448	4	5	6	15	20	25	29
449	4	6	7	16	22	23	29
450	10	15	19	24	26	27	29
451	7	11	17	19	24	26	30
452	2	10	14	17	20	21	26
453	1	3	8	13	17	21	23
454	3	4	10	11	13	16	17
455	9	12	13	14	21	24	29
456	2	12	18	19	21	22	30
457	4	8	12	14	15	22	29
458	9	10	14	15	22	27	28
459	1	8	10	13	16	27	29
460	7	17	18	20	21	28	31
461	2	8	11	24	25	28	29
462	1	5	6	10	19	21	26
463	5	8	10	16	22	26	30
464	7	10	11	15	21	25	31
465	1	9	20	25	27	30	31
466	2	5	8	13	15	20	25
467	5	6	9	21	22	25	29
468	3	7	8	10	17	24	28
469	5	6	7	8	11	14	26
470	1	12	14	15	16	19	23
471	2	3	11	12	19	24	27
472	5	7	9	10	22	25	29
473	2	9	11	16	20	27	28
474	6	8	9	12	14	17	19
475	10	14	15	18	23	27	29
476	2	5	6	10	23	27	31
477	2	5	8	12	19	23	26
478	3	4	9	27	29	30	31
479	1	5	12	13	15	20	23
480	3	6	10	17	20	28	31
481	4	5	11	14	23	24	31
482	1	8	18	23	25	29	30
483	2	9	11	12	16	23	29
484	1	4	9	14	20	25	26
485	4	20	21	22	23	26	28
486	3	7	12	17	18	22	23
487	2	7	12	19	20	30	31
488	1	4	9	14	15	25	29
489	6	8	17	18	22	24	27
490	6	7	15	21	24	27	31
491	2	3	7	12	23	26	30
492	2	9	10	11	21	22	26
493	6	7	11	12	19	23	30
494	3	8	13	20	25	26	30
495	4	5	11	15	19	22	30
496	1	8	12	16	18	19	23
497	7	8	11	18	19	27	31
498	3	16	18	20	25	30	31
499	8	9	11	12	14	20	21
500	2	7	9	15	22	24	27
501	3	13	18	20	23	24	30
502	1	5	8	18	26	27	31
503	2	3	5	9	15	22	29
504	2	9	10	11	21	30	31
505	2	3	7	8	12	14	29
506	4	6	16	20	26	27	29
507	7	8	14	15	16	17	23
508	2	3	4	8	11	15	25
509	1	3	5	6	15	20	23
510	5	6	16	17	21	27	31
511	7	8	9	17	19	28	29
512	4	5	10	12	13	21	23
513	6	7	15	24	27	29	31
514	1	2	5	8	15	17	18
515	5	7	14	15	18	20	24
516	1	11	15	17	22	26	27
517	10	11	21	22	27	29	30
518	5	10	11	16	18	24	25
519	8	9	12	13	16	19	24
520	11	12	15	21	22	30	31
521	9	13	16	17	22	24	27
522	1	6	7	9	13	16	22
523	3	5	10	15	17	19	23
524	4	7	14	17	19	21	29
525	12	16	17	20	21	22	29
526	5	8	13	26	27	30	31
527	2	9	12	18	24	30	31
528	4	5	9	13	17	18	31
529	8	10	13	16	24	27	29
530	3	11	13	23	26	27	30
531	4	11	15	18	23	26	31
532	3	5	8	16	19	23	30
533	2	3	4	9	13	20	25
534	10	11	14	19	28	30	31
535	2	4	10	11	14	28	30
536	3	5	8	10	12	22	27
537	8	11	13	19	22	24	28
538	8	12	18	19	28	29	31
539	7	12	14	16	23	26	27
540	7	9	10	13	18	21	25
541	1	4	6	8	13	17	31
542	3	6	10	13	15	17	29
543	3	4	6	10	18	20	26
544	2	8	9	11	17	24	28
545	1	6	12	19	21	22	26
546	6	8	17	19	20	21	29
547	2	4	17	18	19	25	31
548	1	7	11	19	21	29	30
549	4	6	8	14	16	23	24
550	5	8	16	18	23	27	28
551	1	4	6	8	12	24	30
552	6	13	14	21	23	27	29
553	6	8	14	19	23	26	30
554	5	9	17	19	20	26	30
555	4	12	15	17	22	24	25
556	3	6	9	17	19	25	28
557	1	7	10	12	20	23	26
558	3	5	11	17	21	26	27
559	9	11	17	18	22	25	30
560	12	14	17	19	27	29	30
561	1	4	16	18	19	21	30
562	2	7	9	14	19	26	29
563	5	10	11	18	27	28	30
564	2	4	11	20	22	24	31
565	1	2	11	13	19	21	24
566	2	7	13	15	18	19	25
567	8	12	19	21	23	25	28
568	1	7	12	14	20	29	31
569	1	2	4	9	17	21	31
570	9	18	20	21	23	24	29
571	9	13	16	18	23	26	31
572	3	7	10	12	14	27	30
573	6	13	22	24	26	29	30
574	11	14	22	23	24	26	29
575	3	4	6	10	12	14	23
576	2	3	6	8	16	25	26
577	4	7	10	14	25	29	30
578	11	13	17	20	21	23	25
579	1	4	6	8	17	22	25
580	9	13	18	19	21	22	25
581	2	8	9	11	16	25	29
582	9	10	17	20	21	22	26
583	3	6	10	15	21	25	29
584	3	10	22	24	26	30	31
585	1	2	7	12	14	17	29
586	1	9	11	22	25	28	31
587	6	10	11	13	19	21	29
588	4	8	9	14	16	19	24
589	2	12	16	17	18	22	23
590	1	5	8	18	19	27	28
591	2	17	19	20	23	25	27
592	4	9	10	12	19	22	26
593	2	9	10	13	18	20	29
594	6	15	16	17	18	27	31
595	4	8	9	19	22	25	31
596	2	5	9	14	25	26	28
597	6	7	10	13	22	24	29
598	7	9	13	15	20	24	25
599	2	3	6	7	17	26	29
600	2	4	9	11	18	24	28
601	9	10	11	12	18	19	25
602	1	6	8	11	15	19	30
603	2	21	22	26	27	28	31
604	6	7	12	18	20	24	28
605	9	10	20	23	27	29	31
606	3	7	13	14	16	17	31
607	9	10	11	17	21	23	26
608	7	8	12	22	26	27	31
609	2	4	9	11	19	30	31
610	2	4	8	16	18	21	29
611	2	3	10	18	23	29	30
612	4	6	10	16	21	25	29
613	5	10	16	22	26	27	28
614	1	3	7	9	16	24	26
615	3	6	11	14	17	28	29
616	6	12	15	26	27	28	31
617	1	6	8	13	15	21	25
618	3	5	13	15	17	18	24
619	2	5	11	13	19	25	27
620	1	4	15	18	22	23	30
621	2	8	12	15	16	19	23
622	4	9	11	22	25	28	29
623	6	10	15	17	20	27	30
624	8	20	21	22	27	29	31
625	2	6	10	12	19	30	31
626	1	4	7	9	11	19	27
627	7	11	14	17	18	21	22
628	5	8	10	16	20	24	31
629	7	9	10	21	24	25	28
630	3	8	11	15	19	20	30
631	6	11	14	18	19	22	29
632	6	10	11	12	14	18	24
633	3	5	9	11	13	20	25
634	3	4	8	16	21	30	31
635	2	8	11	13	15	16	17
636	2	4	7	14	21	27	28
637	3	4	11	14	22	25	31
638	2	3	14	15	19	21	26
639	3	8	12	15	24	25	31
640	3	5	9	13	19	29	30
641	3	7	9	12	15	25	30
642	8	10	11	13	14	24	29
643	2	6	7	10	14	16	26
644	7	8	17	19	20	22	26
645	5	7	11	19	24	29	31
646	1	4	5	13	15	22	24
647	1	6	12	13	27	29	31
648	3	6	9	23	25	28	30
649	4	5	8	14	18	19	30
650	1	4	6	11	14	20	25
651	4	6	11	12	19	22	30
652	8	9	14	19	24	26	30
653	1	3	12	15	22	24	30
654	6	7	8	11	12	14	27
655	4	8	12	20	26	27	31
656	2	8	9	13	19	25	27
657	6	7	16	19	25	28	30
658	9	16	17	23	26	28	31
659	4	5	7	12	20	24	31
660	7	8	9	11	17	23	28
661	2	5	9	14	23	26	29
662	1	5	13	15	23	26	28
663	1	2	3	15	20	30	31
664	3	4	10	16	24	25	27
665	8	10	12	14	15	16	31
666	5	6	8	24	27	28	29
667	4	11	12	20	24	28	29
668	1	5	7	11	17	24	31
669	1	4	11	14	15	22	24
670	10	12	15	17	19	28	30
671	5	15	16	26	29	30	31
672	2	3	7	8	18	29	30
673	7	16	20	22	28	29	31
674	6	12	13	19	28	30	31
675	4	7	8	10	17	20	26
676	6	8	15	23	26	27	31
677	3	8	9	24	28	29	31
678	4	5	13	20	21	26	30
679	1	3	15	16	17	20	31
680	4	5	14	16	20	24	28
681	1	11	12	13	18	27	31
682	15	16	19	20	26	29	30
683	2	6	10	14	17	23	27
684	2	3	12	14	15	22	23
685	4	8	18	21	24	26	30
686	4	13	16	18	19	24	25
687	3	6	7	13	15	18	31
688	2	6	22	25	29	30	31
689	6	7	10	12	23	25	31
690	2	9	12	15	27	29	31
691	3	5	10	13	14	20	29
692	8	9	11	12	23	25	28
693	2	4	7	16	29	30	31
694	6	7	12	23	26	28	31
695	2	6	10	17	21	22	26
696	1	5	9	19	20	24	29
697	6	16	18	20	25	29	31
698	4	11	14	17	18	19	31
699	2	6	7	9	20	26	29
700	6	8	10	11	18	20	22
701	1	2	4	7	13	23	26
702	4	7	14	18	20	25	26
703	1	4	7	11	16	20	24
704	2	4	12	13	16	21	29
705	5	7	9	12	13	22	23
706	17	19	20	24	27	28	31
707	1	15	19	22	23	30	31
708	3	15	17	18	20	29	31
709	1	4	7	9	20	25	31
710	1	4	17	18	22	24	31
711	5	6	11	17	21	26	27
712	2	3	10	11	15	20	27
713	2	4	6	8	12	13	22
714	13	15	19	23	26	27	28
715	1	8	17	18	22	27	31
716	2	4	6	9	17	19	30
717	6	8	19	20	21	23	24
718	11	13	15	18	20	21	22
719	1	8	10	17	26	29	31
720	3	8	10	17	22	23	31
721	3	5	7	14	21	24	29
722	9	13	16	22	23	27	31
723	2	16	20	22	27	28	31
724	8	10	13	17	23	25	27
725	7	13	16	17	20	28	30
726	7	14	20	21	23	27	30
727	3	7	11	20	22	23	24
728	2	12	17	21	26	27	28
729	7	9	17	21	29	30	31
730	2	5	6	12	14	16	28
731	2	7	8	11	13	21	25
732	3	7	10	17	23	26	30
733	4	12	15	16	22	25	27
734	7	9	11	19	21	24	30
735	3	5	6	8	12	18	31
736	5	10	11	12	18	23	29
737	13	16	20	21	25	27	28
738	3	6	10	19	21	27	30
739	9	11	16	19	22	28	30
740	6	12	13	17	18	28	31
741	3	6	11	15	20	23	26
742	3	5	11	13	17	22	29
743	2	3	4	6	7	10	16
744	3	5	20	22	23	25	31
745	1	6	7	8	17	20	31
746	10	12	14	17	19	20	30
747	3	5	8	10	21	22	24
748	5	11	16	18	19	23	25
749	8	10	11	26	27	29	31
750	4	10	12	15	16	17	30
751	4	5	9	13	23	29	31
752	4	5	11	14	16	17	21
753	5	6	9	10	18	28	31
754	13	19	23	24	26	27	30
755	3	4	10	12	17	20	22
756	4	8	12	17	19	26	31
757	6	7	14	17	18	28	31
758	2	3	7	20	22	26	31
759	9	11	12	18	23	25	30
760	1	8	9	16	17	28	31
761	6	9	10	17	22	25	31
762	4	11	13	17	22	30	31
763	4	5	7	12	18	23	25
764	7	9	17	19	23	24	30
765	5	15	22	23	28	29	31
766	10	11	16	17	18	21	31
767	4	10	11	16	22	24	29
768	2	13	17	18	24	27	29
769	2	4	6	7	13	14	29
770	8	12	15	27	28	29	30
771	6	13	19	20	26	27	28
772	2	7	9	10	17	26	27
773	7	8	11	12	22	26	27
774	4	6	16	18	19	27	30
775	8	14	17	19	21	24	30
776	11	13	16	17	18	20	31
777	2	5	12	14	25	30	31
778	2	6	9	10	11	16	30
779	14	16	21	22	26	29	31
780	3	8	11	15	19	27	29
781	5	7	11	12	13	14	18
782	4	5	8	9	11	21	25
783	4	11	12	16	19	21	23
784	2	4	11	12	14	17	20
785	3	9	15	16	20	21	25
786	1	6	8	13	14	17	21
787	3	15	18	23	25	29	30
788	3	6	11	21	23	27	28
789	1	3	4	11	15	19	28
790	1	2	7	13	18	21	24
791	1	3	10	12	17	23	24
792	5	6	11	13	17	19	23
793	2	4	5	20	22	29	30
794	7	12	14	15	21	25	29
795	14	15	17	18	19	24	28
796	1	5	9	17	20	21	31
797	1	7	9	13	18	27	31
798	1	6	18	21	24	25	30
799	10	11	13	20	22	25	26
800	6	8	10	11	15	21	28
801	1	9	14	18	23	24	31
802	1	7	9	10	14	25	30
803	4	6	19	22	23	24	26
804	1	9	13	25	26	27	29
805	7	11	17	19	25	27	28
806	2	10	11	13	16	19	27
807	1	2	8	9	14	16	29
808	5	6	7	8	9	12	18
809	5	13	14	20	21	29	30
810	2	5	7	15	21	27	29
811	4	5	16	17	19	25	26
812	12	16	17	18	19	25	27
813	4	8	9	11	13	15	22
814	2	3	4	6	8	25	29
815	1	3	5	8	24	25	26
816	8	11	14	16	18	21	23
817	3	17	23	24	25	27	29
818	1	4	5	7	21	22	27
819	2	4	6	19	24	27	28
820	6	7	8	15	16	17	31
821	3	4	12	20	23	29	31
822	2	3	17	18	22	23	28
823	2	4	19	20	23	24	28
824	8	10	11	21	25	28	29
825	4	9	10	18	19	26	31
826	5	8	15	16	17	24	29
827	8	9	18	19	25	26	27
828	1	2	8	11	12	17	21
829	3	14	16	18	24	26	29
830	7	8	11	15	21	25	29
831	2	7	17	20	23	25	26
832	5	11	13	15	19	20	22
833	9	10	13	16	20	23	30
834	1	3	10	13	15	18	27
835	1	2	6	10	21	24	29
836	9	11	13	15	18	20	24
837	1	5	6	13	20	24	30
838	4	18	19	21	24	27	31
839	1	2	8	10	13	20	26
840	2	5	6	13	18	24	25
841	1	3	4	6	14	16	26
842	4	10	17	18	21	27	31
843	3	4	6	17	18	19	20
844	6	13	16	19	20	21	31
845	10	11	12	16	17	20	26
846	7	18	20	21	25	26	29
847	5	18	20	24	26	27	31
848	3	7	14	19	21	22	29
849	3	7	12	14	17	21	27
850	9	18	20	25	26	30	31
851	4	12	14	15	23	24	25
852	2	7	9	10	13	15	22
853	1	2	10	16	24	25	27
854	7	14	16	17	18	23	24
855	6	7	15	20	22	26	30
856	1	5	8	22	24	28	29
857	5	8	10	12	18	29	30
858	1	14	23	25	26	27	28
859	3	5	6	11	18	22	31
860	5	6	14	15	27	28	30
861	8	11	15	16	20	25	30
862	3	5	8	12	20	23	27
863	1	2	9	17	19	20	22
864	2	8	9	12	22	23	28
865	2	7	8	13	18	24	30
866	5	8	10	14	21	24	31
867	7	12	22	24	25	26	30
868	2	5	9	11	12	20	23
869	8	11	14	20	22	25	27
870	1	4	10	17	24	25	29
871	2	3	4	7	11	25	29
872	6	8	17	18	24	26	30
873	3	6	7	9	17	23	25
874	9	11	16	18	23	27	28
875	4	5	13	18	19	21	24
876	4	6	12	19	24	25	29
877	4	9	10	11	13	19	21
878	1	5	9	10	22	24	25
879	3	4	5	7	15	24	26
880	1	2	5	6	9	23	29
881	2	6	9	10	17	25	27
882	7	8	11	14	27	30	31
883	6	9	15	18	20	24	30
884	5	10	14	18	24	26	29
885	3	12	16	17	20	27	30
886	1	6	8	11	15	18	22
887	5	12	13	18	21	28	29
888	8	14	17	18	21	22	27
889	3	4	7	14	18	20	31
890	7	9	15	19	25	27	30
891	1	4	10	11	14	28	30
892	6	7	14	15	20	21	27
893	4	6	9	16	27	28	31
894	7	9	11	16	18	19	21
895	1	2	7	11	14	15	30
896	2	7	10	11	24	25	28
897	6	9	15	18	19	20	21
898	2	4	7	8	11	21	22
899	5	6	8	18	23	24	29
900	6	9	10	13	14	16	22
901	2	4	10	14	16	22	29
902	3	11	13	14	18	21	27
903	2	4	5	10	11	15	23
904	2	4	5	11	16	25	27
905	3	6	11	12	13	20	29
906	2	10	12	13	22	29	31
907	2	3	7	10	13	15	21
908	10	13	14	17	18	20	31
909	6	7	8	25	26	30	31
910	1	7	15	17	26	27	28
911	1	2	10	13	25	29	30
912	4	10	11	14	15	20	31
913	8	12	14	17	19	26	27
914	1	3	9	14	22	23	29
915	2	5	22	24	25	27	30
916	2	4	6	14	17	25	28
917	1	14	18	19	20	21	27
918	2	10	12	13	15	25	29
919	3	10	17	20	24	26	28
920	11	13	20	21	23	24	27
921	7	11	12	19	20	21	23
922	7	8	13	17	26	27	28
923	5	9	10	11	17	21	26
924	3	10	11	12	19	28	31
925	3	4	10	12	16	18	26
926	7	8	18	19	23	24	27
927	2	3	7	11	15	19	24
928	1	13	15	23	24	28	29
929	2	4	5	12	16	26	27
930	1	5	10	18	22	24	29
931	3	11	18	20	26	28	30
932	1	6	13	20	23	25	27
933	13	23	24	25	28	29	31
934	1	4	16	18	23	28	30
935	4	6	11	17	24	27	28
936	18	20	23	24	25	26	31
937	5	9	10	14	20	23	27
938	4	8	19	20	21	24	29
939	1	4	7	11	12	13	20
940	1	5	6	10	15	19	23
941	6	7	10	11	13	28	29
942	3	4	8	9	15	20	23
943	7	8	15	16	20	26	27
944	4	9	10	28	29	30	31
945	3	6	14	15	23	26	29
946	4	5	9	14	25	27	28
947	4	10	11	12	13	15	25
948	5	10	20	22	23	30	31
949	1	5	6	8	15	16	25
950	5	8	11	19	25	30	31
951	3	5	12	18	19	24	30
952	1	8	10	16	20	22	27
953	9	13	14	15	16	20	31
954	3	9	10	14	19	24	29
955	4	9	17	18	23	27	28
956	6	10	13	15	16	21	29
957	11	14	16	21	23	24	27
958	7	9	11	13	15	16	26
959	1	5	7	8	9	19	22
960	1	5	13	19	20	22	30
961	3	6	8	9	17	30	31
962	5	13	16	17	26	28	29
963	2	3	6	20	21	27	31
964	2	7	11	17	19	28	31
965	2	7	13	16	21	24	29
966	4	8	9	14	17	18	25
967	6	8	9	12	14	27	31
968	4	9	14	18	23	26	28
969	2	8	9	10	18	21	25
970	7	10	12	15	19	20	25
971	1	4	5	9	16	18	29
972	4	6	17	19	27	30	31
973	4	6	17	18	20	25	26
974	2	3	7	8	9	11	20
975	1	8	18	24	25	27	31
976	1	9	11	14	16	22	25
977	4	5	15	17	22	26	29
978	1	2	4	12	17	27	28
979	6	10	12	13	16	20	23
980	8	13	20	21	25	26	31
981	1	2	4	8	10	12	28
982	4	5	13	16	23	25	28
983	1	3	5	6	8	17	19
984	11	14	15	20	22	25	26
985	7	12	18	20	21	28	31
986	1	3	5	14	20	24	26
987	5	7	17	21	27	30	31
988	6	13	14	23	25	28	30
989	3	10	23	24	25	26	31
990	2	6	11	14	16	23	26
991	6	12	15	21	25	28	30
992	2	7	10	24	27	28	29
993	8	10	12	13	14	17	18
994	1	6	7	13	19	26	29
995	5	6	8	10	16	18	29
996	1	5	6	7	12	17	25
997	2	3	7	17	19	21	29
998	2	6	10	11	21	26	30
999	3	6	15	16	18	23	30
1000	4	13	16	18	22	27	28
1001	3	10	11	15	16	20	27
1002	4	5	10	12	17	24	29
1003	4	8	11	18	20	23	24
1004	2	10	13	19	20	27	30
1005	5	10	11	12	14	17	24
1006	3	9	17	20	21	24	27
1007	1	6	13	19	27	28	31
1008	1	3	15	16	17	20	29
1009	4	10	17	19	21	22	30
1010	2	21	22	23	26	27	31
1011	4	8	10	13	20	21	28
1012	6	7	8	9	13	16	19
1013	5	8	10	11	16	29	30
1014	1	2	9	18	21	26	30
1015	4	8	14	20	21	23	27
1016	1	8	17	24	27	29	31
1017	5	12	16	18	22	24	29
1018	9	11	21	24	26	30	31
1019	2	3	12	15	16	17	20
1020	5	14	17	20	22	26	27
1021	1	2	4	8	23	26	28
1022	4	5	7	11	12	13	29
1023	4	9	12	15	17	29	31
1024	4	5	9	10	12	13	25
1025	2	9	10	12	29	30	31
1026	7	8	16	24	28	30	31
1027	6	8	14	17	20	29	31
1028	8	14	23	24	26	28	30
1029	3	15	17	20	21	24	31
1030	3	4	7	9	10	27	28
1031	4	5	14	18	24	27	31
1032	5	6	8	9	12	23	31
1033	2	11	15	16	20	24	29
1034	5	7	8	15	21	23	26
1035	7	9	10	14	21	23	28
1036	2	10	12	14	15	20	21
1037	2	5	12	19	25	28	30
1038	9	11	14	19	21	26	31
1039	1	5	7	10	19	21	22
1040	1	4	6	21	24	27	30
1041	6	9	10	14	20	22	23
1042	6	8	16	27	28	29	31
1043	3	7	8	9	12	18	29
1044	3	12	14	18	24	27	28
1045	1	12	15	20	22	28	29
1046	3	4	7	13	16	18	28
1047	4	7	13	15	17	18	19
1048	10	11	15	23	29	30	31
1049	4	16	19	24	26	27	29
1050	5	9	18	20	21	30	31
1051	3	6	8	15	18	29	30
1052	10	16	18	20	22	25	30
1053	4	7	9	12	23	25	30
1054	4	15	17	19	23	27	30
1055	4	5	6	13	15	20	22
1056	2	3	5	11	12	20	29
1057	6	9	16	18	28	29	30
1058	1	6	15	16	19	21	25
1059	1	4	10	12	17	21	27
1060	2	10	11	15	25	26	30
1061	2	13	14	17	18	19	25
1062	3	5	10	13	23	28	31
1063	5	7	8	19	21	23	25
1064	9	10	19	22	24	28	31
1065	10	11	14	15	22	28	29
1066	5	7	16	17	20	24	30
1067	1	2	11	16	18	19	27
1068	7	10	11	17	20	24	28
1069	7	8	14	15	22	26	30
1070	3	13	14	17	20	29	30
1071	2	3	4	19	25	26	28
1072	2	4	5	9	14	23	26
1073	7	14	17	21	26	27	29
1074	11	13	14	16	22	25	27
1075	8	15	20	21	22	25	26
1076	1	3	7	10	23	27	31
1077	2	3	4	13	19	20	24
1078	15	18	25	27	29	30	31
1079	1	5	6	19	26	29	31
1080	1	7	9	17	20	21	27
1081	5	9	14	22	23	26	29
1082	5	10	12	13	14	26	27
1083	3	10	16	19	21	23	26
1084	6	9	17	18	20	24	31
1085	8	9	10	13	19	27	31
1086	14	16	21	23	24	29	31
1087	5	8	22	24	25	26	29
1088	6	7	11	19	24	25	27
1089	7	13	14	15	21	22	30
1090	4	9	10	19	20	24	29
1091	1	6	7	12	19	21	22
1092	1	8	12	17	20	24	31
1093	9	12	13	14	15	17	21
1094	3	7	8	14	19	26	28
1095	1	5	8	12	22	25	26
1096	3	8	18	19	24	30	31
1097	7	14	16	17	27	29	30
1098	4	6	12	20	27	30	31
1099	1	3	4	8	13	23	25
1100	7	12	20	22	24	27	30
1101	3	13	14	19	22	24	26
1102	2	7	10	13	15	22	28
1103	1	8	14	15	19	24	28
